-------------------- 12万以下 --------------------
id	src_id	name	guide_price	user_score	preserve_range	preserve_mean	cat_name	grade	engine	charge_fast	charge_slow	mileag	index_url	energy_type	max_power	max_torque	oil_wear	max_horse	max_speed	office_acc_time	battery_capacity	wordmouth_num	yiche_score	pc_score	score
73	4702	吉利汽车-缤瑞	7.98-11.08	4.53	51.250000-79.290000	64.936	轿车	紧凑型车	1.4	0	0	0	//www.autohome.com.cn/4702/#pvareaid=2042208	汽油	98.0	215.0	5.7	133.0	200.0	0	0	416	4.6	49.1	0.1862922138348222
42	4869	上汽集团-荣威i5	6.89-11.59	4.65	53.610000-82.910000	67.748	轿车	紧凑型车	1.5	0	0	0	//www.autohome.com.cn/4869/#pvareaid=2042208	汽油	88.0	150.0	5.5	120.0	185.0	0	0	442	4.55	68.5	0.18470236178487542
98	3859	东风本田-哥瑞	7.98-11.98	4.21	50.310000-76.420000	63.096	轿车	紧凑型车	1.5	0	0	0	//www.autohome.com.cn/3859/#pvareaid=2042208	汽油	96.0	155.0	5.4	131.0	186.0	10.6	0	524	4.49	42.8	0.18420716417580846
62	4787	奇瑞汽车-艾瑞泽GX	7.49-11.39	4.66	49.110000-75.990000	61.926	轿车	紧凑型车	1.5	0	0	0	//www.autohome.com.cn/4787/#pvareaid=2042208	汽油	108.0	210.0	6.6	147.0	210.0	0	0	153	4.65	45.4	0.18241424093768
91	3876	广汽本田-锋范	7.98-10.68	4.31	49.880000-80.440000	65.208	轿车	紧凑型车	1.5	0	0	0	//www.autohome.com.cn/3876/#pvareaid=2042208	汽油	96.0	155.0	5.4	131.0	185.0	10.2	0	24	4.36	60.1	0.1796582794948481
196	4588	长安汽车-逸动DT	5.49-8.09	4.42	49.290000-76.350000	62.608	轿车	紧凑型车	1.6	0	0	0	//www.autohome.com.cn/4588/#pvareaid=2042208	汽油	92.0	160.0	5.9	125.0	180.0	0	0	112	4.65	42.6	0.1751816988736391
200	3857	上汽集团-荣威360	7.79-12.99	4.68	41.690000-67.720000	53.072	轿车	紧凑型车	1.5	0	0	0	//www.autohome.com.cn/3857/#pvareaid=2042208	汽油	85.0	142.0	5.9	116.0	180.0	0	0	1247	4.74	45.9	0.17437440511584285
140	4179	东风本田-竞瑞	8.99-12.79	4.22	48.290000-74.700000	61.012	轿车	紧凑型车	1.5	0	0	0	//www.autohome.com.cn/4179/#pvareaid=2042208	汽油	96.0	155.0	5.7	131.0	188.0	11.3	0	130	4.59	41.8	0.1742822209801525
104	4900	比亚迪-秦Pro	7.98-11.58	4.63	53.380000-82.560000	67.454	轿车	紧凑型车	1.5	0	0	0	//www.autohome.com.cn/4900/#pvareaid=2042208	汽油	113.0	240.0	6.5	154.0	0	0	0	182	4.5	0	0.17143225852772595
272	4774	一汽海马-福美来F5	5.98-9.28	4.67	49.600000-76.750000	62.564	轿车	紧凑型车	1.6	0	0	0	//www.autohome.com.cn/4774/#pvareaid=2042208	汽油	92.0	151.0	6.2	125.0	165.0	0	0	54	4.18	61.8	0.1702794451257214
77	4404	天津一汽-骏派A50	5.59-7.29	4.63	50.130000-77.590000	63.262	轿车	紧凑型车	1.5	0	0	0	//www.autohome.com.cn/4404/#pvareaid=2042208	汽油	83.0	141.0	5.8	113.0	180.0	0	0	184	4.79	42.4	0.17001456103101373
336	4506	北汽昌河-北汽昌河A6	6.98-9.98	4.88	49.350000-76.360000	62.234	轿车	紧凑型车	1.5	0	0	0	//www.autohome.com.cn/4506/#pvareaid=2042208	汽油	85.0	148.0	5.7	116.0	180.0	0	0	6	4.74	45.2	0.16998645343293903
167	4490	东风启辰-启辰D60	6.98-11.18	4.49	44.590000-68.850000	56.282	轿车	紧凑型车	1.6	0	0	0	//www.autohome.com.cn/4490/#pvareaid=2042208	汽油	93.0	154.0	5.9	126.0	180.0	12.0	0	98	4.61	66.8	0.16867923795990647
116	586	北京现代-悦动	7.99-11.59	4.55	42.590000-72.740000	55.812	轿车	紧凑型车	1.6	0	0	0	//www.autohome.com.cn/586/#pvareaid=2042208	汽油	90.2	150.7	6.0	123.0	190.0	0	0	165	4.13	43.9	0.16682593441382054
48	4105	上汽通用雪佛兰-科沃兹	7.99-11.49	4.45	44.110000-70.070000	56.438	轿车	紧凑型车	1.5	0	0	0	//www.autohome.com.cn/4105/#pvareaid=2042208	汽油	83.0	141.0	5.8	113.0	180.0	0	0	533	4.65	62.8	0.16612653756886722
222	2980	奇瑞汽车-艾瑞泽7	7.99-10.39	4.4	40.920000-66.120000	51.806	轿车	紧凑型车	1.5	0	0	0	//www.autohome.com.cn/2980/#pvareaid=2042208	汽油	112.0	205.0	6.9	152.0	200.0	0	0	5	4.49	46.8	0.16605421540851242
92	2886	东风悦达起亚-起亚K3	9.68-13.28	4.2	44.410000-67.970000	55.51	轿车	紧凑型车	1.6	0	0	0	//www.autohome.com.cn/2886/#pvareaid=2042208	汽油	93.8	156.0	6.2	128.0	190.0	0	0	72	4.56	67.0	0.1648471874780953
304	3283	比亚迪-比亚迪G5	7.59-10.29	4.45	39.230000-69.040000	53.532	轿车	紧凑型车	1.5	0	0	0	//www.autohome.com.cn/3283/#pvareaid=2042208	汽油	113.0	240.0	6.5	154.0	0	0	0	897	4.23	4.35	0.1646100722253323
71	4139	吉利汽车-帝豪GL	7.88-11.58	4.6	41.510000-65.560000	52.584	轿车	紧凑型车	1.4	0	0	0	//www.autohome.com.cn/4139/#pvareaid=2042208	汽油	98.0	215.0	5.9	133.0	185.0	0	0	12	4.66	71.8	0.16418759713391773
214	4405	天津一汽-骏派CX65	6.89-7.69	4.53	47.490000-73.470000	59.816	轿车	紧凑型车	1.5	0	0	0	//www.autohome.com.cn/4405/#pvareaid=2042208	汽油	83.0	141.0	5.8	113.0	180.0	0	0	58	4.82	44.1	0.16393606579490005
329	2988	东风裕隆-纳5	8.58-11.98	4.41	39.810000-68.910000	52.322	轿车	紧凑型车	1.8	0	0	0	//www.autohome.com.cn/2988/#pvareaid=2042208	汽油	132.0	256.0	7.6	180.0	0	0	0	17	4.81	43.2	0.1636231481062714
58	3347	长安福特-福睿斯	8.78-12.23	4.36	42.270000-68.600000	54.892	轿车	紧凑型车	1.5	0	0	0	//www.autohome.com.cn/3347/#pvareaid=2042208	汽油	90.0	150.0	5.7	122.0	189.0	0	0	55	4.56	48.2	0.16341190515086057
317	2556	东风乘用车-东风风神A60	6.97-8.37	4.48	38.700000-63.730000	50.02	轿车	紧凑型车	1.5	0	0	0	//www.autohome.com.cn/2556/#pvareaid=2042208	汽油	103.0	196.0	6.3	140.0	192.0	13.0	0	1	4.65	42.7	0.16314153961717964
339	3493	东风乘用车-东风风神A30	5.97-8.57	4.23	41.950000-73.280000	55.468	轿车	紧凑型车	1.5	0	0	0	//www.autohome.com.cn/3493/#pvareaid=2042208	汽油	85.0	145.0	5.9	116.0	188.0	0	0	1	4.67	41.8	0.15774361447870616
51	2922	上汽大众-桑塔纳	8.49-13.89	4.33	41.580000-65.840000	52.962	轿车	紧凑型车	1.6	0	0	0	//www.autohome.com.cn/2922/#pvareaid=2042208	汽油	81.0	155.0	5.9	110.0	185.0	12.5	0	107	4.74	43.9	0.1577379956264049
232	4833	北京现代-逸行	8.09-11.99	4.5	44.930000-69.500000	56.492	轿车	紧凑型车	1.6	0	0	0	//www.autohome.com.cn/4833/#pvareaid=2042208	汽油	90.2	150.7	6.0	123.0	190.0	0	0	5	0	45.4	0.15661121097917202
27	16	一汽-大众-捷达	8.11-10.88	4.46	41.940000-66.350000	53.314	轿车	紧凑型车	1.5	0	0	0	//www.autohome.com.cn/16/#pvareaid=2042208	汽油	81.0	150.0	5.7	110.0	185.0	11.9	0	44	4.66	65.1	0.15633963565528394
211	813	东风悦达起亚-福瑞迪	7.88-10.98	4.41	37.490000-60.610000	48.846	轿车	紧凑型车	1.6	0	0	0	//www.autohome.com.cn/813/#pvareaid=2042208	汽油	90.2	151.0	6.0	123.0	186.0	0	0	20	4.17	4.13	0.15598085108259693
188	3290	上汽斯柯达-昕动	6.99-11.99	4.33	41.790000-67.210000	53.376	轿车	紧凑型车	1.5	0	0	0	//www.autohome.com.cn/3290/#pvareaid=2042208	汽油	81.0	150.0	5.6	110.0	185.0	12.6	0	0	4.57	45.1	0.1557256255745888
187	4901	东南汽车-东南A5翼舞	4.99-7.59	4.59	52.720000-81.520000	66.588	轿车	紧凑型车	1.5	0	0	0	//www.autohome.com.cn/4901/#pvareaid=2042208	汽油	88.0	143.0	5.8	120.0	0	0	0	92	4.34	44.1	0.1554410016704351
174	4971	奇瑞汽车-艾瑞泽EX	5.99-8.29	4.6	54.050000-83.630000	68.344	轿车	紧凑型车	1.5	0	0	0	//www.autohome.com.cn/4971/#pvareaid=2042208	汽油	85.0	141.0	6.9	116.0	180.0	0	0	0	0	4.78	0.1550479491353035
321	3979	天津一汽-骏派A70	6.48-8.78	4.56	42.280000-69.480000	55.25	轿车	紧凑型车	1.6	0	0	0	//www.autohome.com.cn/3979/#pvareaid=2042208	汽油	83.0	155.0	6.8	113.0	180.0	0	0	116	4.82	0	0.15494736498966816
81	875	上汽通用别克-凯越	8.39-9.99	4.56	39.730000-67.860000	53.816	轿车	紧凑型车	1.3	0	0	0	//www.autohome.com.cn/875/#pvareaid=2042208	汽油	79.0	133.0	4.9	107.0	170.0	0	0	59	4.42	65.3	0.15455391582753508
358	3461	东风乘用车-东风风神L60	8.97-12.97	4.35	32.910000-56.580000	44.21	轿车	紧凑型车	1.8	0	0	0	//www.autohome.com.cn/3461/#pvareaid=2042208	汽油	102.0	172.0	7.5	139.0	195.0	0	0	66	4.55	43.6	0.15419986531883484
66	3556	吉利汽车-帝豪	6.98-10.08	4.35	38.570000-66.190000	50.424	轿车	紧凑型车	1.5	0	0	0	//www.autohome.com.cn/3556/#pvareaid=2042208	汽油	80.0	140.0	5.9	109.0	175.0	0	0	989	0	0	0.15263913480937483
276	3547	上汽集团-锐行	7.79-12.99	4.38	40.250000-65.560000	51.718	轿车	紧凑型车	1.5	0	0	0	//www.autohome.com.cn/3547/#pvareaid=2042208	汽油	80.0	135.0	5.7	109.0	200.0	9.5	0	575	0	0	0.15250480496883395
112	3405	奇瑞汽车-艾瑞泽5	4.99-9.79	4.32	38.760000-63.770000	49.95	轿车	紧凑型车	1.5	0	0	0	//www.autohome.com.cn/3405/#pvareaid=2042208	汽油	85.0	141.0	5.9	116.0	185.0	0	0	59	4.67	65.1	0.15249356546904894
185	4913	长安汽车-逸动XT	7.19-10.99	4.38	51.350000-79.470000	64.844	轿车	紧凑型车	1.6	0	0	0	//www.autohome.com.cn/4913/#pvareaid=2042208	汽油	94.0	168.0	6.8	128.0	0	0	0	96	4.59	64.7	0.1520935190971941
268	529	长安铃木-天语 SX4	7.98-9.98	4.05	44.740000-70.260000	56.818	轿车	紧凑型车	1.6	0	0	0	//www.autohome.com.cn/529/#pvareaid=2042208	汽油	80.0	144.0	6.6	109.0	180.0	13.0	0	19	4.54	41.2	0.1513317377581261
192	98	东风雪铁龙-爱丽舍	8.38-12.58	4.47	37.820000-62.930000	48.82	轿车	紧凑型车	1.6	0	0	0	//www.autohome.com.cn/98/#pvareaid=2042208	汽油	86.0	150.0	6.5	117.0	188.0	0	0	13	4.72	4.35	0.15069700208795261
226	3528	长安铃木-启悦	7.89-10.99	4.28	41.530000-73.000000	56.56	轿车	紧凑型车	1.6	0	0	0	//www.autohome.com.cn/3528/#pvareaid=2042208	汽油	90.0	158.0	5.4	122.0	0	11.9	0	8	4.75	47.0	0.15042182587622666
94	2429	长安汽车-逸动	7.49-10.69	4.65	39.530000-67.390000	52.166	轿车	紧凑型车	1.6	0	0	0	//www.autohome.com.cn/2429/#pvareaid=2042208	汽油	94.0	168.0	6.1	128.0	0	0	0	443	4.51	0	0.15021824865043165
290	3695	一汽奔腾-奔腾B30	6.58-9.28	4.15	41.400000-68.240000	53.164	轿车	紧凑型车	1.6	0	0	0	//www.autohome.com.cn/3695/#pvareaid=2042208	汽油	80.0	155.0	6.4	109.0	175.0	0	0	1	4.9	0	0.14991870169222238
312	3301	东风风行-景逸S50	6.59-10.29	4.5	36.500000-61.080000	47.164	轿车	紧凑型车	1.6	0	0	0	//www.autohome.com.cn/3301/#pvareaid=2042208	汽油	90.0	151.0	6.5	122.0	165.0	0	0	108	4.32	45.0	0.1496269249599427
223	3068	东风标致-标致301	8.47-10.77	4.33	37.160000-60.140000	48.508	轿车	紧凑型车	1.6	0	0	0	//www.autohome.com.cn/3068/#pvareaid=2042208	汽油	86.0	150.0	6.5	117.0	188.0	0	0	8	4.6	38.8	0.1492622538113501
154	4630	广汽乘用车-传祺GA4	7.38-11.58	4.65	44.520000-68.960000	56.54	轿车	紧凑型车	1.5	0	0	0	//www.autohome.com.cn/4630/#pvareaid=2042208	汽油	101.0	202.0	7.0	137.0	0	0	0	363	4.61	46.7	0.14922217755764725
160	64	东风日产-阳光	7.98-11.28	4.05	44.340000-65.450000	54.15	轿车	紧凑型车	1.5	0	0	0	//www.autohome.com.cn/64/#pvareaid=2042208	汽油	82.0	139.0	6.2	112.0	165.0	13.9	0	64	4.31	40.7	0.14842795340530573
162	2962	上汽斯柯达-昕锐	7.69-10.99	4.34	37.800000-60.880000	48.852	轿车	紧凑型车	1.5	0	0	0	//www.autohome.com.cn/2962/#pvareaid=2042208	汽油	81.0	150.0	5.9	110.0	185.0	12.6	0	12	4.52	41.5	0.1483252337954473
246	632	一汽奔腾-奔腾B50	8.59-10.49	0	41.910000-71.990000	55.994	轿车	紧凑型车	1.6	0	0	0	//www.autohome.com.cn/632/#pvareaid=2042208	汽油	100.0	220.0	6.6	136.0	195.0	0	0	0	4.25	4.75	0.1439577704668045
293	2941	海马汽车-海马M3	4.99-6.99	4.34	45.860000-75.310000	59.838	轿车	紧凑型车	1.5	0	0	0	//www.autohome.com.cn/2941/#pvareaid=2042208	汽油	82.0	147.0	5.9	112.0	0	0	0	46	4.29	39.5	0.1414915353441611
136	4392	上汽通用五菱-宝骏310W	4.28-6.98	4.48	49.710000-77.610000	62.966	轿车	紧凑型车	1.5	0	0	0	//www.autohome.com.cn/4392/#pvareaid=2042208	汽油	82.0	147.0	6.5	112.0	0	0	0	20	4.65	60.0	0.14103581562498585
327	3939	东风裕隆-锐3	5.98-9.68	4.48	40.830000-65.160000	52.022	轿车	紧凑型车	1.6	0	0	0	//www.autohome.com.cn/3939/#pvareaid=2042208	汽油	91.0	153.0	6.3	124.0	0	0	0	83	4.54	40.5	0.13998431850969795
130	474	吉利汽车-远景	5.39-7.29	4.5	39.940000-71.000000	54.456	轿车	紧凑型车	1.5	0	0	0	//www.autohome.com.cn/474/#pvareaid=2042208	汽油	80.0	140.0	6.80085	109.0	0	0	0	715	4.29	0	0.13679920248687266
297	3878	华晨中华-中华H3	6.39-8.89	4.6	39.980000-62.990000	50.462	轿车	紧凑型车	1.5	0	0	0	//www.autohome.com.cn/3878/#pvareaid=2042208	汽油	82.0	145.0	6.3	112.0	0	0	0	341	4.72	38.7	0.13417263525724413
291	606	东南汽车-V3菱悦	5.79-6.59	4.07	41.240000-71.250000	55.636	轿车	紧凑型车	1.5	0	0	0	//www.autohome.com.cn/606/#pvareaid=2042208	汽油	88.0	143.0	6.80085	120.0	0	0	0	181	4.36	37.2	0.13333717294037342
308	2769	东南汽车-V5菱致	6.59-8.09	4.07	37.860000-63.670000	49.026	轿车	紧凑型车	1.5	0	0	0	//www.autohome.com.cn/2769/#pvareaid=2042208	汽油	88.0	143.0	5.8	120.0	0	0	0	23	4.29	37.0	0.13208922253968197
225	2806	比亚迪-速锐	5.99-9.59	4.26	40.220000-67.250000	52.808	轿车	紧凑型车	1.5	0	0	0	//www.autohome.com.cn/2806/#pvareaid=2042208	汽油	80.0	145.0	5.9	109.0	0	0	0	40	4.34	47.2	0.13199839693028478
301	470	一汽海马-福美来	6.88-9.28	4.46	36.760000-60.620000	48.034	轿车	紧凑型车	1.6	0	0	0	//www.autohome.com.cn/470/#pvareaid=2042208	汽油	92.0	161.0	6.2	125.0	0	0	0	210	0	39.4	0.12976589722931384
267	2791	北京汽车-绅宝D50	6.79-9.69	4.42	32.640000-53.950000	42.434	轿车	紧凑型车	1.5	0	0	0	//www.autohome.com.cn/2791/#pvareaid=2042208	汽油	85.0	148.0	5.9	116.0	0	0	0	81	4.59	34.1	0.12569356670044363
133	407	比亚迪-比亚迪F3	4.39-7.79	4.15	35.500000-61.960000	47.606	轿车	紧凑型车	1.5	0	0	0	//www.autohome.com.cn/407/#pvareaid=2042208	汽油	80.0	145.0	6.2	109.0	0	0	0	79	3.95	4.59	0.12287279656156898
335	4371	众泰汽车-众泰Z360	5.88-8.68	3.81	37.630000-60.780000	46.996	轿车	紧凑型车	1.5	0	0	0	//www.autohome.com.cn/4371/#pvareaid=2042208	汽油	82.0	141.0	6.7	112.0	0	0	0	10	4.7	44.1	0.11773070765961893
324	2323	华晨中华-中华H530	8.58-9.58	3.78	25.720000-56.300000	39.972	轿车	紧凑型车	1.6	0	0	0	//www.autohome.com.cn/2323/#pvareaid=2042208	汽油	87.0	151.0	6.96556	118.0	0	0	0	6	4.43	44.1	0.11335721709241625
==================================================
-------------------- 12-28万 --------------------
id	src_id	name	guide_price	user_score	preserve_range	preserve_mean	cat_name	grade	engine	charge_fast	charge_slow	mileag	index_url	energy_type	max_power	max_torque	oil_wear	max_horse	max_speed	office_acc_time	battery_capacity	wordmouth_num	yiche_score	pc_score	score
4	135	东风本田-思域	11.59-16.99	4.4	48.300000-77.680000	61.558	轿车	紧凑型车	1.5	0	0	0	//www.autohome.com.cn/135/#pvareaid=2042208	汽油	130.0	220.0	5.7	177.0	200.0	8.7	0	3047	4.53	4.12	0.2416007571220398
19	4817	北京现代-菲斯塔	11.98-15.48	4.6	55.420000-87.030000	71.502	轿车	紧凑型车	1.6	0	0	0	//www.autohome.com.cn/4817/#pvareaid=2042208	汽油	150.0	265.0	5.9	204.0	220.0	0	0	218	4.51	69.3	0.231051631141454
79	835	上汽集团-名爵6	9.68-14.68	4.7	30.150000-55.970000	42.802	轿车	紧凑型车	1.5	0	0	0	//www.autohome.com.cn/835/#pvareaid=2042208	汽油	124.0	250.0	5.8	169.0	210.0	0	0	3308	4.76	0	0.22441447842121126
31	4402	领克-领克03	11.68-15.18	4.59	52.190000-80.780000	65.93	轿车	紧凑型车	1.5	0	0	0	//www.autohome.com.cn/4402/#pvareaid=2042208	汽油	132.0	265.0	5.9	180.0	205.0	7.9	0	216	4.56	73.0	0.20937509536370635
124	4246	上汽集团-荣威i6	8.98-14.38	4.57	41.180000-65.050000	52.3	轿车	紧凑型车	1.5	0	0	0	//www.autohome.com.cn/4246/#pvareaid=2042208	汽油	124.0	250.0	5.9	169.0	210.0	8.5	0	1503	4.64	49.3	0.20759670993685725
278	2256	现代(进口)-Veloster飞思	17.28-21.98	4.28	40.710000-67.630000	54.734	轿车	紧凑型车	1.6	0	0	0	//www.autohome.com.cn/2256/#pvareaid=2042208	汽油	150.0	265.0	6.7	204.0	225.0	7.3	0	36	4.29	46.8	0.2015293922517449
8	442	一汽-大众-速腾	13.18-21.88	4.45	47.440000-72.220000	59.874	轿车	紧凑型车	1.4	0	0	0	//www.autohome.com.cn/442/#pvareaid=2042208	汽油	110.0	250.0	5.9	150.0	210.0	9.2	0	990	4.67	3.9	0.19659909154474736
69	3104	东风本田-杰德	12.99-17.99	4.32	52.720000-77.250000	64.64	轿车	紧凑型车	1.8	0	0	0	//www.autohome.com.cn/3104/#pvareaid=2042208	汽油	115.0	203.0	6.9	156.0	187.0	10.5	0	300	4.68	72.7	0.19355631188303232
25	3294	长安马自达-马自达3 Axela昂克赛拉	11.29-16.29	4.44	50.520000-74.570000	62.002	轿车	紧凑型车	1.5	0	0	0	//www.autohome.com.cn/3294/#pvareaid=2042208	汽油	86.0	148.0	5.9	117.0	184.0	0	0	1861	4.24	72.8	0.19183324372768404
24	3457	上汽大众-凌渡	14.59-22.89	4.44	47.880000-76.420000	61.868	轿车	紧凑型车	1.4	0	0	0	//www.autohome.com.cn/3457/#pvareaid=2042208	汽油	110.0	250.0	5.4	150.0	215.0	8.5	0	137	4.62	74.8	0.19132919683866206
22	871	一汽-大众-高尔夫	12.19-23.99	4.38	50.180000-76.890000	63.562	轿车	紧凑型车	1.4	0	0	0	//www.autohome.com.cn/871/#pvareaid=2042208	汽油	110.0	250.0	5.7	150.0	215.0	8.2	0	53	4.64	0	0.1891960002053529
32	3085	广汽本田-凌派	9.98-14.98	4.33	53.310000-79.060000	66.48	轿车	紧凑型车	1.8	0	0	0	//www.autohome.com.cn/3085/#pvareaid=2042208	汽油	100.0	169.0	6.3	136.0	195.0	0	0	52	4.49	68.1	0.1871300295190886
215	2945	东风雪铁龙-雪铁龙C4L	13.49-18.29	4.38	40.330000-64.510000	51.804	轿车	紧凑型车	1.6	0	0	0	//www.autohome.com.cn/2945/#pvareaid=2042208	汽油	123.0	245.0	6.0	167.0	215.0	0	0	3	4.73	46.8	0.1868052807545173
119	987	东风标致-标致408	11.97-16.97	4.54	37.050000-61.890000	48.92	轿车	紧凑型车	1.6	0	0	0	//www.autohome.com.cn/987/#pvareaid=2042208	汽油	123.0	245.0	5.9	167.0	215.0	0	0	12	4.62	4.62	0.1852498312375974
132	3964	一汽-大众-高尔夫·嘉旅	13.19-19.79	4.55	49.480000-74.110000	61.826	轿车	紧凑型车	1.4	0	0	0	//www.autohome.com.cn/3964/#pvareaid=2042208	汽油	110.0	250.0	6.0	150.0	210.0	10.0	0	5	4.71	74.5	0.18463114980573303
158	4552	上汽通用别克-阅朗	11.99-14.79	4.56	41.880000-64.790000	53.062	轿车	紧凑型车	1.3	0	0	0	//www.autohome.com.cn/4552/#pvareaid=2042208	汽油	120.0	230.0	5.2	163.0	195.0	0	0	30	4.88	48.0	0.18326136582857
53	3751	上汽通用别克-威朗	13.59-18.59	4.53	37.710000-60.720000	47.964	轿车	紧凑型车	1.5	0	0	0	//www.autohome.com.cn/3751/#pvareaid=2042208	汽油	124.0	250.0	5.9	169.0	180.0	8.8	0	161	4.87	70.4	0.18093688257038593
57	3959	北京现代-领动	9.98-15.18	4.46	47.570000-72.180000	59.724	轿车	紧凑型车	1.6	0	0	0	//www.autohome.com.cn/3959/#pvareaid=2042208	汽油	95.6	211.0	6.1	130.0	204.0	0	0	321	4.66	65.8	0.18023704481124878
10	526	一汽丰田-卡罗拉	10.78-17.58	4.54	51.110000-76.390000	63.296	轿车	紧凑型车	1.2	0	0	0	//www.autohome.com.cn/526/#pvareaid=2042208	汽油	85.0	185.0	4.2	116.0	180.0	0	0	380	4.44	68.2	0.17920924916863443
105	425	东风日产-骐达	9.99-13.49	4.36	50.460000-79.320000	65.252	轿车	紧凑型车	1.6	0	0	0	//www.autohome.com.cn/425/#pvareaid=2042208	汽油	93.0	154.0	5.6	126.0	180.0	11.7	0	8	4.39	69.9	0.17867338990210557
70	4882	上汽通用雪佛兰-沃兰多	11.49-15.49	4.57	48.380000-74.860000	60.976	轿车	紧凑型车	1.3	0	0	0	//www.autohome.com.cn/4882/#pvareaid=2042208	汽油	120.0	230.0	6.7	163.0	190.0	0	0	5	4.47	72.9	0.17771012268180494
261	3309	长安标致雪铁龙-DS 5LS	16.88-22.98	4.64	32.790000-57.170000	43.696	轿车	紧凑型车	1.6	0	0	0	//www.autohome.com.cn/3309/#pvareaid=2042208	汽油	123.0	240.0	6.3	167.0	212.0	9.6	0	15	4.66	52.5	0.1762767601001542
205	2678	沃尔沃(进口)-沃尔沃V40	23.09-28.99	4.88	35.780000-59.140000	45.798	轿车	紧凑型车	1.5	0	0	0	//www.autohome.com.cn/2678/#pvareaid=2042208	汽油	112.0	250.0	5.7	152.0	210.0	8.3	0	3	4.59	51.1	0.17517234409804225
29	3170	一汽-大众奥迪-奥迪A3	19.10-25.62	4.39	49.860000-75.030000	61.964	轿车	紧凑型车	1.4	0	0	0	//www.autohome.com.cn/3170/#pvareaid=2042208	汽油	110.0	250.0	5.8	150.0	200.0	8.4	0	18	0	50.8	0.17510133678186685
34	3462	广汽丰田-雷凌	10.98-16.18	4.46	50.330000-74.870000	62.426	轿车	紧凑型车	1.8	0	0	0	//www.autohome.com.cn/3462/#pvareaid=2042208	汽油	85.0	185.0	4.2	116.0	0	0	0	213	4.64	66.1	0.17455403635278344
38	4171	华晨宝马-宝马1系	19.98-31.78	4.5	44.740000-70.810000	57.022	轿车	紧凑型车	1.5	0	0	0	//www.autohome.com.cn/4171/#pvareaid=2042208	汽油	100.0	220.0	6.4	136.0	212.0	9.4	0	2	4.7	47.8	0.17146990313887361
153	3941	华晨宝马-宝马2系旅行车	22.48-29.48	4.25	43.330000-66.280000	54.472	轿车	紧凑型车	1.5	0	0	0	//www.autohome.com.cn/3941/#pvareaid=2042208	汽油	100.0	220.0	5.9	136.0	205.0	9.4	0	9	4.69	71.1	0.17082232424849642
294	3963	长安标致雪铁龙-DS 4S	17.19-22.99	4.35	26.930000-54.250000	38.546	轿车	紧凑型车	1.6	0	0	0	//www.autohome.com.cn/3963/#pvareaid=2042208	汽油	123.0	240.0	6.3	167.0	207.0	9.6	0	8	4.82	51.8	0.16868521903990769
218	2974	观致汽车-观致3	9.89-15.39	4.56	32.000000-55.500000	41.956	轿车	紧凑型车	1.6	0	0	0	//www.autohome.com.cn/2974/#pvareaid=2042208	汽油	115.0	230.0	6.1	156.0	197.0	12.6	0	33	4.49	43.8	0.1686347735412419
15	448	东风日产-轩逸	9.98-16.15	4.27	46.570000-73.680000	60.47	轿车	紧凑型车	1.6	0	0	0	//www.autohome.com.cn/448/#pvareaid=2042208	汽油	91.0	153.0	6.3	124.0	185.0	11.8	0	93	4.36	0	0.1674011532496661
20	364	长安福特-福克斯	9.98-16.58	4.46	41.130000-65.410000	51.992	轿车	紧凑型车	1.5	0	0	0	//www.autohome.com.cn/364/#pvareaid=2042208	汽油	92.0	153.0	5.4	125.0	191.0	12.7	0	118	4.25	72.7	0.1650984716396779
18	633	一汽-大众-宝来	10.78-15.98	4.29	44.310000-72.280000	57.558	轿车	紧凑型车	1.5	0	0	0	//www.autohome.com.cn/633/#pvareaid=2042208	汽油	85.0	150.0	5.5	116.0	185.0	12.6	0	105	4.57	71.3	0.16489807230979203
114	3817	东风日产-LANNIA 蓝鸟	10.59-14.64	4.24	43.760000-67.530000	55.092	轿车	紧凑型车	1.6	0	0	0	//www.autohome.com.cn/3817/#pvareaid=2042208	汽油	93.0	154.0	6.0	126.0	190.0	11.7	0	6	4.58	66.0	0.1648311042379355
128	3103	上汽大众-朗行	11.29-16.29	4.52	44.620000-73.300000	58.534	轿车	紧凑型车	1.6	0	0	0	//www.autohome.com.cn/3103/#pvareaid=2042208	汽油	81.0	155.0	6.9	110.0	200.0	9.3	0	590	4.66	0	0.16476249109208585
5	614	上汽大众-朗逸	10.99-16.59	4.25	44.810000-66.750000	55.302	轿车	紧凑型车	1.6	0	0	0	//www.autohome.com.cn/614/#pvareaid=2042208	汽油	81.0	155.0	6.2	110.0	210.0	8.3	0	347	4.75	47.6	0.1633965442031622
106	4204	一汽-大众-C-TREK蔚领	11.69-16.29	4.47	45.080000-70.980000	57.112	轿车	紧凑型车	1.5	0	0	0	//www.autohome.com.cn/4204/#pvareaid=2042208	汽油	81.0	150.0	5.8	110.0	185.0	13.2	0	233	4.65	69.5	0.16239779380336405
72	519	上汽斯柯达-明锐	11.99-17.49	4.39	38.400000-63.260000	49.882	轿车	紧凑型车	1.6	0	0	0	//www.autohome.com.cn/519/#pvareaid=2042208	汽油	85.0	155.0	5.5	116.0	185.0	10.5	0	66	4.76	48.3	0.1599469425454736
126	2764	北京现代-朗动	11.58-12.78	4.18	45.830000-70.870000	57.844	轿车	紧凑型车	1.6	0	0	0	//www.autohome.com.cn/2764/#pvareaid=2042208	汽油	93.8	156.0	6.2	128.0	0	0	0	925	4.45	63.5	0.15914182579517364
103	877	东风标致-标致308	8.97-15.97	4.37	39.080000-65.750000	51.872	轿车	紧凑型车	1.6	0	0	0	//www.autohome.com.cn/877/#pvareaid=2042208	汽油	86.0	150.0	5.9	117.0	195.0	0	0	4	4.69	47.2	0.15911584472178952
151	3873	东风雪铁龙-C4世嘉	9.88-14.18	4.5	38.840000-65.520000	50.442	轿车	紧凑型车	1.6	0	0	0	//www.autohome.com.cn/3873/#pvareaid=2042208	汽油	86.0	150.0	6.2	117.0	192.0	0	0	165	4.58	42.5	0.1574637544192374
36	982	上汽通用别克-英朗	10.99-14.49	4.55	38.310000-66.460000	51.494	轿车	紧凑型车	1.0	0	0	0	//www.autohome.com.cn/982/#pvareaid=2042208	汽油	92.0	170.0	5.1	125.0	180.0	0	0	220	4.85	47.1	0.15504118774831296
238	2767	广汽菲克菲亚特-菲翔	10.08-14.18	4.5	32.260000-60.580000	46.144	轿车	紧凑型车	1.4	0	0	0	//www.autohome.com.cn/2767/#pvareaid=2042208	汽油	110.0	230.0	7.3	150.0	207.0	0	0	5	4.36	43.4	0.15427146343106873
75	657	上汽通用雪佛兰-科鲁兹	10.99-16.99	4.58	36.730000-62.450000	48.634	轿车	紧凑型车	1.5	0	0	0	//www.autohome.com.cn/657/#pvareaid=2042208	汽油	84.0	146.0	6.1	114.0	180.0	12.1	0	154	4.4	4.65	0.15064304656535388
277	3267	广汽菲克菲亚特-致悦	10.08-14.88	4.38	29.540000-53.590000	41.052	轿车	紧凑型车	1.4	0	0	0	//www.autohome.com.cn/3267/#pvareaid=2042208	汽油	110.0	230.0	7.3	150.0	207.0	0	0	8	4.52	44.7	0.1483521675372031
129	210	大众(进口)-甲壳虫	18.28-25.68	4.08	42.690000-68.330000	55.214	轿车	紧凑型车	1.2	0	0	0	//www.autohome.com.cn/210/#pvareaid=2042208	汽油	77.0	175.0	5.6	105.0	180.0	10.9	0	2	4.55	48.4	0.14554157212137941
184	3197	上汽大众-朗境	14.89-17.19	0	45.350000-72.310000	58.132	轿车	紧凑型车	1.6	0	0	0	//www.autohome.com.cn/3197/#pvareaid=2042208	汽油	96.0	225.0	6.9	131.0	200.0	12.3	0	0	4.72	50.6	0.14302554011344915
23	4764	北京奔驰-奔驰A级	21.69-29.99	4.48		0.0	轿车	紧凑型车	1.3	0	0	0	//www.autohome.com.cn/4764/#pvareaid=2042208	汽油	120.0	250.0	5.4	163.0	230.0	8.34	0	8	4.52	50.8	0.12594879888533617
==================================================
-------------------- 28万以上 --------------------
id	src_id	name	guide_price	user_score	preserve_range	preserve_mean	cat_name	grade	engine	charge_fast	charge_slow	mileag	index_url	energy_type	max_power	max_torque	oil_wear	max_horse	max_speed	office_acc_time	battery_capacity	wordmouth_num	yiche_score	pc_score	score
182	2731	Audi Sport-奥迪RS 3	52.50	4.3	38.660000-62.280000	48.454	轿车	紧凑型车	2.5	0	0	0	//www.autohome.com.cn/2731/#pvareaid=2042208	汽油	294.0	480.0	8.8	400.0	250.0	4.1	0	13	4.59	0	0.3030034619916696
47	704	福特(进口)-福克斯(进口)	24.28-37.88	4.24	54.310000-86.520000	69.194	轿车	紧凑型车	2.3	0	0	0	//www.autohome.com.cn/704/#pvareaid=2042208	汽油	257.0	440.0	8.11853	350.0	268.0	6.5	0	5	4.08	48.4	0.3019550525319064
152	2842	梅赛德斯-AMG-奔驰A级AMG	46.38-52.18	4.29	42.120000-70.140000	54.418	轿车	紧凑型车	2.0	0	0	0	//www.autohome.com.cn/2842/#pvareaid=2042208	汽油	280.0	475.0	7.7	381.0	250.0	4.2	0	2	4.52	0	0.29502706184744604
224	2967	梅赛德斯-AMG-奔驰CLA级AMG	55.88-59.18	4.17	41.370000-71.120000	54.51	轿车	紧凑型车	2.0	0	0	0	//www.autohome.com.cn/2967/#pvareaid=2042208	汽油	280.0	475.0	7.7	381.0	250.0	4.2	0	24	0	52.1	0.2855510902567767
89	372	大众(进口)-高尔夫(进口)	21.46-38.18	4.43	50.380000-81.860000	64.27	轿车	紧凑型车	2.0	0	0	0	//www.autohome.com.cn/372/#pvareaid=2042208	汽油	213.0	380.0	7.0	290.0	249.0	8.4	0	6	4.59	49.2	0.2679264630865073
171	2730	奥迪(进口)-奥迪S3	37.15	4.27	48.370000-77.790000	62.96	轿车	紧凑型车	2.0	0	0	0	//www.autohome.com.cn/2730/#pvareaid=2042208	汽油	213.0	380.0	7.2	290.0	250.0	4.8	0	10	4.61	49.6	0.2641126695417334
245	370	奥迪(进口)-奥迪A3(进口)	34.35	4.67	43.660000-71.590000	58.146	轿车	紧凑型车	2.0	0	0	0	//www.autohome.com.cn/370/#pvareaid=2042208	汽油	140.0	320.0	6.5	190.0	250.0	7.2	0	5	4.29	4.5	0.21913276884669908
56	2966	奔驰(进口)-奔驰CLA级	23.78-35.98	4.19	56.930000-84.660000	69.568	轿车	紧凑型车	1.6	0	0	0	//www.autohome.com.cn/2966/#pvareaid=2042208	汽油	115.0	250.0	6.1	156.0	230.0	8.3	0	8	4.57	72.8	0.20115405272482897
139	373	宝马(进口)-宝马1系(进口)	23.78-43.78	4.3	40.770000-65.740000	52.494	轿车	紧凑型车	2.0	0	0	0	//www.autohome.com.cn/373/#pvareaid=2042208	汽油	100.0	220.0	5.5	136.0	210.0	8.7	0	30	4.59	46.7	0.18760743814473974
176	398	奔驰(进口)-奔驰B级	22.58-33.98	4.44	43.150000-71.570000	56.72	轿车	紧凑型车	1.6	0	0	0	//www.autohome.com.cn/398/#pvareaid=2042208	汽油	115.0	250.0	6.4	156.0	220.0	8.3	0	5	4.52	4.25	0.1846228352558101
342	4912	卡尔森-卡尔森 CCA22	36.80	0	48.730000-75.400000	61.43	轿车	紧凑型车	2.0	0	0	0	//www.autohome.com.cn/4912/#pvareaid=2042208	汽油	135.0	300.0	7.1	184.0	240.0	7.4	0	0	0	0	0.17814538896083834
144	52	奔驰(进口)-奔驰A级(进口)	21.98-33.68	0	47.830000-74.400000	59.528	轿车	紧凑型车	1.6	0	0	0	//www.autohome.com.cn/52/#pvareaid=2042208	汽油	115.0	250.0	6.3	156.0	224.0	8.1	0	0	4.73	52.0	0.16477987289428717
==================================================
